#	A	C	D	E	F	G	H	I	K	L	M	N	P	Q	R	S	T	V	W	Y
3a0b_Z	0.0967741935483871	0.0	0.03225806451612903	0.0	0.08064516129032258	0.06451612903225806	0.0	0.08064516129032258	0.016129032258064516	0.1774193548387097	0.03225806451612903	0.016129032258064516	0.03225806451612903	0.04838709677419355	0.016129032258064516	0.06451612903225806	0.016129032258064516	0.1774193548387097	0.03225806451612903	0.016129032258064516
5a1s_A	0.10714285714285714	0.013392857142857142	0.026785714285714284	0.03571428571428571	0.05580357142857143	0.10267857142857142	0.008928571428571428	0.109375	0.04017857142857143	0.11830357142857142	0.04017857142857143	0.03125	0.026785714285714284	0.013392857142857142	0.029017857142857144	0.06696428571428571	0.044642857142857144	0.08482142857142858	0.008928571428571428	0.03571428571428571
4a2n_B	0.03608247422680412	0.005154639175257732	0.02577319587628866	0.05670103092783505	0.08247422680412371	0.05670103092783505	0.020618556701030927	0.11855670103092783	0.08762886597938144	0.1134020618556701	0.030927835051546393	0.061855670103092786	0.030927835051546393	0.005154639175257732	0.03608247422680412	0.041237113402061855	0.030927835051546393	0.08762886597938144	0.03608247422680412	0.03608247422680412
6a2j_A	0.09061488673139159	0.022653721682847898	0.009708737864077669	0.02912621359223301	0.07766990291262135	0.06796116504854369	0.032362459546925564	0.10679611650485436	0.032362459546925564	0.1488673139158576	0.02912621359223301	0.019417475728155338	0.032362459546925564	0.032362459546925564	0.032362459546925564	0.0744336569579288	0.045307443365695796	0.06472491909385113	0.025889967637540454	0.025889967637540454
6a2w_A	0.08982035928143713	0.0	0.0658682634730539	0.08383233532934131	0.08383233532934131	0.11976047904191617	0.011976047904191617	0.05389221556886228	0.03592814371257485	0.11377245508982035	0.023952095808383235	0.017964071856287425	0.041916167664670656	0.05389221556886228	0.04790419161676647	0.029940119760479042	0.029940119760479042	0.0718562874251497	0.005988023952095809	0.017964071856287425
3a3y_B	0.04918032786885246	0.022950819672131147	0.05573770491803279	0.06557377049180328	0.05901639344262295	0.07868852459016394	0.006557377049180328	0.05573770491803279	0.09508196721311475	0.09508196721311475	0.01639344262295082	0.036065573770491806	0.04918032786885246	0.04262295081967213	0.04918032786885246	0.07213114754098361	0.03934426229508197	0.029508196721311476	0.013114754098360656	0.06885245901639345
3a3y_G	0.08108108108108109	0.05405405405405406	0.05405405405405406	0.05405405405405406	0.02702702702702703	0.08108108108108109	0.013513513513513514	0.06756756756756757	0.04054054054054054	0.0945945945945946	0.013513513513513514	0.05405405405405406	0.04054054054054054	0.04054054054054054	0.08108108108108109	0.02702702702702703	0.06756756756756757	0.06756756756756757	0.0	0.04054054054054054
5a40_A	0.1640625	0.0078125	0.0078125	0.015625	0.03125	0.140625	0.0078125	0.046875	0.0078125	0.171875	0.03125	0.0234375	0.03125	0.0	0.0390625	0.0390625	0.09375	0.0625	0.046875	0.03125
2a65_A	0.10404624277456648	0.0	0.023121387283236993	0.046242774566473986	0.09633911368015415	0.08670520231213873	0.011560693641618497	0.10404624277456648	0.036608863198458574	0.11753371868978806	0.025048169556840076	0.02697495183044316	0.04816955684007707	0.011560693641618497	0.04046242774566474	0.03468208092485549	0.05202312138728324	0.07129094412331406	0.030828516377649325	0.03275529865125241
5a63_A	0.07757404795486601	0.018335684062059238	0.047954866008462625	0.0535966149506347	0.04372355430183357	0.05923836389280677	0.01692524682651622	0.04372355430183357	0.03385049365303244	0.10437235543018336	0.015514809590973202	0.047954866008462625	0.056417489421720736	0.04372355430183357	0.05218617771509168	0.09449929478138223	0.06488011283497884	0.076163610719323	0.015514809590973202	0.03385049365303244
5a63_B	0.07708779443254818	0.010706638115631691	0.04068522483940043	0.06852248394004283	0.04925053533190578	0.04925053533190578	0.021413276231263382	0.06638115631691649	0.034261241970021415	0.11991434689507495	0.027837259100642397	0.03640256959314775	0.04068522483940043	0.04068522483940043	0.042826552462526764	0.0728051391862955	0.055674518201284794	0.08779443254817987	0.017130620985010708	0.04068522483940043
5a63_C	0.10566037735849057	0.011320754716981131	0.03773584905660377	0.026415094339622643	0.07924528301886792	0.08679245283018867	0.01509433962264151	0.06792452830188679	0.011320754716981131	0.14339622641509434	0.01509433962264151	0.007547169811320755	0.033962264150943396	0.018867924528301886	0.05660377358490566	0.08679245283018867	0.03773584905660377	0.09811320754716982	0.022641509433962263	0.03773584905660377
5a63_D	0.04950495049504951	0.009900990099009901	0.009900990099009901	0.04950495049504951	0.10891089108910891	0.06930693069306931	0.0	0.06930693069306931	0.0297029702970297	0.12871287128712872	0.009900990099009901	0.039603960396039604	0.04950495049504951	0.0297029702970297	0.0594059405940594	0.04950495049504951	0.04950495049504951	0.06930693069306931	0.0594059405940594	0.0594059405940594
6a69_A	0.06750392464678179	0.013343799058084773	0.05886970172684458	0.07378335949764521	0.03767660910518053	0.07299843014128729	0.02197802197802198	0.07692307692307693	0.07142857142857142	0.09026687598116169	0.02119309262166405	0.04552590266875981	0.04709576138147567	0.03453689167974882	0.0423861852433281	0.06357927786499215	0.058084772370486655	0.07456828885400314	0.01020408163265306	0.01805337519623234
6a69_B	0.0673758865248227	0.014184397163120567	0.0425531914893617	0.07092198581560284	0.014184397163120567	0.05319148936170213	0.024822695035460994	0.0673758865248227	0.05673758865248227	0.07801418439716312	0.02127659574468085	0.08156028368794327	0.0673758865248227	0.01773049645390071	0.04964539007092199	0.0851063829787234	0.06382978723404255	0.07446808510638298	0.014184397163120567	0.03546099290780142
3a7k_A	0.12714776632302405	0.010309278350515464	0.037800687285223365	0.041237113402061855	0.041237113402061855	0.07216494845360824	0.006872852233676976	0.061855670103092786	0.01718213058419244	0.15120274914089346	0.030927835051546393	0.01718213058419244	0.037800687285223365	0.010309278350515464	0.01718213058419244	0.08247422680412371	0.07560137457044673	0.09965635738831616	0.027491408934707903	0.03436426116838488
6a70_B	0.10320901994796183	0.015611448395490026	0.047701647875108416	0.040763226366001735	0.04163052905464007	0.07632263660017347	0.029488291413703384	0.019080659150043366	0.024284475281873375	0.15177797051170858	0.012142237640936688	0.010407632263660017	0.05290546400693842	0.030355594102341718	0.07632263660017347	0.09627059843885516	0.0372940156114484	0.08065915004336513	0.030355594102341718	0.023417172593235037
4a82_A	0.0726643598615917	0.0017301038062283738	0.05363321799307959	0.04844290657439446	0.05536332179930796	0.06401384083044982	0.02422145328719723	0.12283737024221453	0.05190311418685121	0.10726643598615918	0.01384083044982699	0.050173010380622836	0.025951557093425604	0.04325259515570934	0.04671280276816609	0.04844290657439446	0.06228373702422145	0.06920415224913495	0.005190311418685121	0.0328719723183391
6a90_A	0.06516290726817042	0.018170426065162906	0.05701754385964912	0.046992481203007516	0.07832080200501253	0.05075187969924812	0.016290726817042606	0.07456140350877193	0.042606516290726815	0.10588972431077694	0.03258145363408521	0.042606516290726815	0.040726817042606514	0.03446115288220551	0.05137844611528822	0.05576441102756892	0.043233082706766915	0.08145363408521303	0.020050125313283207	0.041979949874686714
6a93_A	0.09574468085106383	0.02127659574468085	0.04521276595744681	0.03723404255319149	0.05319148936170213	0.047872340425531915	0.010638297872340425	0.09308510638297872	0.06914893617021277	0.11702127659574468	0.026595744680851064	0.05319148936170213	0.023936170212765957	0.03723404255319149	0.018617021276595744	0.06648936170212766	0.047872340425531915	0.0797872340425532	0.02127659574468085	0.034574468085106384
6ab9_A	0.10810810810810811	0.006756756756756757	0.04054054054054054	0.016891891891891893	0.05405405405405406	0.07432432432432433	0.02702702702702703	0.08108108108108109	0.030405405405405407	0.10810810810810811	0.057432432432432436	0.033783783783783786	0.02027027027027027	0.05067567567567568	0.02027027027027027	0.057432432432432436	0.060810810810810814	0.0777027027027027	0.02702702702702703	0.0472972972972973
2ac6_A	0.06963788300835655	0.027855153203342618	0.033426183844011144	0.019498607242339833	0.07520891364902507	0.033426183844011144	0.022284122562674095	0.10306406685236769	0.06685236768802229	0.12534818941504178	0.03064066852367688	0.04456824512534819	0.04456824512534819	0.013927576601671309	0.033426183844011144	0.0807799442896936	0.05013927576601671	0.06406685236768803	0.013927576601671309	0.04735376044568245
2acz_C	0.07751937984496124	0.0	0.015503875968992248	0.03875968992248062	0.06976744186046512	0.07751937984496124	0.023255813953488372	0.10077519379844961	0.03875968992248062	0.11627906976744186	0.046511627906976744	0.015503875968992248	0.023255813953488372	0.023255813953488372	0.046511627906976744	0.07751937984496124	0.05426356589147287	0.11627906976744186	0.023255813953488372	0.015503875968992248
2acz_D	0.09565217391304348	0.0	0.017391304347826087	0.017391304347826087	0.0782608695652174	0.06956521739130435	0.017391304347826087	0.08695652173913043	0.017391304347826087	0.1391304347826087	0.034782608695652174	0.017391304347826087	0.008695652173913044	0.017391304347826087	0.02608695652173913	0.043478260869565216	0.06086956521739131	0.16521739130434782	0.034782608695652174	0.05217391304347826
4ac5_H	0.10077519379844961	0.003875968992248062	0.06589147286821706	0.07364341085271318	0.023255813953488372	0.07364341085271318	0.015503875968992248	0.031007751937984496	0.03488372093023256	0.12015503875968993	0.003875968992248062	0.007751937984496124	0.06976744186046512	0.03488372093023256	0.06976744186046512	0.03875968992248062	0.05813953488372093	0.1124031007751938	0.015503875968992248	0.046511627906976744
6ad7_A	0.1226215644820296	0.006342494714587738	0.02536997885835095	0.03382663847780127	0.05708245243128964	0.12050739957716702	0.012684989429175475	0.07822410147991543	0.02748414376321353	0.1416490486257928	0.03805496828752643	0.02536997885835095	0.04439746300211417	0.02959830866807611	0.048625792811839326	0.03171247357293869	0.0613107822410148	0.06342494714587738	0.012684989429175475	0.019027484143763214
6adq_E	0.08211143695014662	0.008797653958944282	0.0469208211143695	0.07331378299120235	0.06744868035190615	0.07331378299120235	0.01466275659824047	0.06158357771260997	0.0469208211143695	0.07624633431085044	0.026392961876832845	0.04105571847507331	0.06451612903225806	0.02932551319648094	0.04985337243401759	0.05278592375366569	0.06158357771260997	0.08211143695014662	0.02346041055718475	0.017595307917888565
6adq_G	0.11330049261083744	0.0049261083743842365	0.009852216748768473	0.029556650246305417	0.08374384236453201	0.09359605911330049	0.029556650246305417	0.054187192118226604	0.009852216748768473	0.10344827586206896	0.034482758620689655	0.014778325123152709	0.034482758620689655	0.019704433497536946	0.03940886699507389	0.06403940886699508	0.08374384236453201	0.10837438423645321	0.024630541871921183	0.04433497536945813
6adq_H	0.1510791366906475	0.007194244604316547	0.02877697841726619	0.06474820143884892	0.08633093525179857	0.08633093525179857	0.02158273381294964	0.05755395683453238	0.007194244604316547	0.11510791366906475	0.014388489208633094	0.0	0.03597122302158273	0.0	0.03597122302158273	0.04316546762589928	0.09352517985611511	0.07913669064748201	0.04316546762589928	0.02877697841726619
6adq_I	0.08860759493670886	0.0	0.0379746835443038	0.0379746835443038	0.02531645569620253	0.16455696202531644	0.10126582278481013	0.05063291139240506	0.0379746835443038	0.10126582278481013	0.02531645569620253	0.0	0.0759493670886076	0.0	0.02531645569620253	0.05063291139240506	0.06329113924050633	0.06329113924050633	0.0379746835443038	0.012658227848101266
6adq_D	0.07	0.0	0.05	0.07	0.03	0.1	0.05	0.05	0.0	0.08	0.05	0.03	0.04	0.03	0.08	0.06	0.03	0.12	0.06	0.0
6adq_C	0.11904761904761904	0.013605442176870748	0.047619047619047616	0.034013605442176874	0.023809523809523808	0.1326530612244898	0.02040816326530612	0.03741496598639456	0.023809523809523808	0.08163265306122448	0.04421768707482993	0.023809523809523808	0.06802721088435375	0.04421768707482993	0.07482993197278912	0.0782312925170068	0.04421768707482993	0.05782312925170068	0.006802721088435374	0.023809523809523808
6adq_A	0.07363420427553444	0.011876484560570071	0.04513064133016627	0.07363420427553444	0.0498812351543943	0.11163895486935867	0.019002375296912115	0.05463182897862233	0.057007125890736345	0.09263657957244656	0.021377672209026127	0.014251781472684086	0.0688836104513064	0.028503562945368172	0.05938242280285035	0.05463182897862233	0.057007125890736345	0.06175771971496437	0.021377672209026127	0.023752969121140142
5aex_A	0.09306930693069307	0.023762376237623763	0.03762376237623762	0.02574257425742574	0.047524752475247525	0.1188118811881188	0.031683168316831684	0.06534653465346535	0.0297029702970297	0.09504950495049505	0.031683168316831684	0.039603960396039604	0.03762376237623762	0.013861386138613862	0.02574257425742574	0.07326732673267326	0.07128712871287128	0.07128712871287128	0.033663366336633666	0.033663366336633666
6aei_A	0.06405228758169934	0.01568627450980392	0.03790849673202614	0.07058823529411765	0.05228758169934641	0.03790849673202614	0.026143790849673203	0.06797385620915032	0.054901960784313725	0.13333333333333333	0.027450980392156862	0.05620915032679739	0.04183006535947712	0.03529411764705882	0.05228758169934641	0.06535947712418301	0.043137254901960784	0.05228758169934641	0.02091503267973856	0.044444444444444446
2ag3_A	0.03225806451612903	0.0	0.03225806451612903	0.1935483870967742	0.0	0.03225806451612903	0.03225806451612903	0.12903225806451613	0.12903225806451613	0.16129032258064516	0.03225806451612903	0.03225806451612903	0.0	0.03225806451612903	0.0967741935483871	0.03225806451612903	0.0	0.0	0.0	0.03225806451612903
6ak3_B	0.10739856801909307	0.021479713603818614	0.03341288782816229	0.03818615751789976	0.045346062052505964	0.07159904534606205	0.016706443914081145	0.05250596658711217	0.05250596658711217	0.14081145584725538	0.026252983293556086	0.028639618138424822	0.021479713603818614	0.045346062052505964	0.045346062052505964	0.07159904534606205	0.06921241050119331	0.06682577565632458	0.026252983293556086	0.01909307875894988
2amk_A	0.07920792079207921	0.023762376237623763	0.041584158415841586	0.03762376237623762	0.04950495049504951	0.04554455445544554	0.011881188118811881	0.07128712871287128	0.06336633663366337	0.100990099009901	0.019801980198019802	0.05148514851485148	0.031683168316831684	0.033663366336633666	0.041584158415841586	0.09306930693069307	0.0891089108910891	0.055445544554455446	0.02574257425742574	0.033663366336633666
3aou_A	0.14743589743589744	0.0	0.01282051282051282	0.019230769230769232	0.07692307692307693	0.1282051282051282	0.00641025641025641	0.09615384615384616	0.038461538461538464	0.12179487179487179	0.04487179487179487	0.02564102564102564	0.02564102564102564	0.057692307692307696	0.0	0.05128205128205128	0.0641025641025641	0.0641025641025641	0.0	0.019230769230769232
4aq5_A	0.03036876355748373	0.021691973969631236	0.05422993492407809	0.049891540130151846	0.04772234273318872	0.04338394793926247	0.03036876355748373	0.1019522776572668	0.049891540130151846	0.09978308026030369	0.03470715835140998	0.0368763557483731	0.0455531453362256	0.028199566160520606	0.03036876355748373	0.06941431670281996	0.0650759219088937	0.09978308026030369	0.02386117136659436	0.0368763557483731
4aq5_C	0.04597701149425287	0.017241379310344827	0.04980842911877394	0.05747126436781609	0.05172413793103448	0.044061302681992334	0.022988505747126436	0.09003831417624521	0.04597701149425287	0.09961685823754789	0.022988505747126436	0.07854406130268199	0.05363984674329502	0.02681992337164751	0.044061302681992334	0.06513409961685823	0.04980842911877394	0.07088122605363985	0.019157088122605363	0.044061302681992334
1ar1_B	0.13087248322147652	0.013422818791946308	0.053691275167785234	0.04697986577181208	0.040268456375838924	0.053691275167785234	0.020134228187919462	0.06375838926174497	0.03691275167785235	0.09395973154362416	0.026845637583892617	0.030201342281879196	0.06711409395973154	0.040268456375838924	0.026845637583892617	0.0436241610738255	0.040268456375838924	0.11409395973154363	0.02348993288590604	0.03355704697986577
4atv_A	0.11970074812967581	0.007481296758104738	0.02493765586034913	0.02743142144638404	0.04987531172069826	0.09476309226932668	0.0199501246882793	0.09975062344139651	0.02743142144638404	0.1596009975062344	0.029925187032418952	0.02493765586034913	0.0399002493765586	0.014962593516209476	0.03740648379052369	0.06234413965087282	0.034912718204488775	0.08229426433915212	0.0199501246882793	0.022443890274314215
2aui_A	0.10043668122270742	0.0	0.03056768558951965	0.06550218340611354	0.08296943231441048	0.12663755458515283	0.0	0.08296943231441048	0.07423580786026202	0.13100436681222707	0.004366812227074236	0.034934497816593885	0.06986899563318777	0.026200873362445413	0.026200873362445413	0.039301310043668124	0.048034934497816595	0.05240174672489083	0.0	0.004366812227074236
4av3_A	0.11292517006802721	0.005442176870748299	0.04081632653061224	0.0326530612244898	0.053061224489795916	0.10476190476190476	0.0163265306122449	0.08435374149659863	0.04625850340136054	0.11292517006802721	0.0326530612244898	0.029931972789115645	0.0380952380952381	0.0163265306122449	0.024489795918367346	0.06938775510204082	0.04897959183673469	0.08299319727891157	0.009523809523809525	0.0380952380952381
4avm_A	0.0759493670886076	0.004219409282700422	0.046413502109704644	0.12236286919831224	0.04219409282700422	0.02531645569620253	0.029535864978902954	0.0379746835443038	0.10970464135021098	0.09282700421940929	0.02109704641350211	0.05485232067510549	0.004219409282700422	0.06751054852320675	0.05063291139240506	0.07172995780590717	0.02531645569620253	0.06329113924050633	0.012658227848101266	0.04219409282700422
6ave_A	0.06451612903225806	0.03984819734345351	0.06072106261859583	0.07590132827324478	0.05502846299810247	0.06451612903225806	0.024667931688804556	0.04933586337760911	0.058823529411764705	0.09297912713472485	0.026565464895635674	0.04364326375711575	0.04743833017077799	0.03795066413662239	0.04933586337760911	0.04554079696394687	0.05502846299810247	0.05313092979127135	0.0056925996204933585	0.04933586337760911
5aww_E	0.1	0.0	0.016666666666666666	0.06666666666666667	0.1	0.05	0.0	0.06666666666666667	0.0	0.16666666666666666	0.03333333333333333	0.0	0.016666666666666666	0.05	0.11666666666666667	0.0	0.08333333333333333	0.08333333333333333	0.016666666666666666	0.03333333333333333
5aww_G	0.09333333333333334	0.0	0.04	0.013333333333333334	0.04	0.14666666666666667	0.0	0.04	0.013333333333333334	0.22666666666666666	0.02666666666666667	0.0	0.02666666666666667	0.02666666666666667	0.04	0.02666666666666667	0.04	0.13333333333333333	0.013333333333333334	0.05333333333333334
5awz_A	0.11475409836065574	0.00819672131147541	0.03278688524590164	0.02459016393442623	0.040983606557377046	0.09836065573770492	0.00819672131147541	0.11065573770491803	0.028688524590163935	0.10655737704918032	0.040983606557377046	0.028688524590163935	0.040983606557377046	0.020491803278688523	0.01639344262295082	0.028688524590163935	0.06967213114754098	0.0942622950819672	0.028688524590163935	0.05737704918032787
6awf_C	0.1076923076923077	0.0	0.015384615384615385	0.046153846153846156	0.06923076923076923	0.038461538461538464	0.007692307692307693	0.09230769230769231	0.07692307692307693	0.1076923076923077	0.023076923076923078	0.03076923076923077	0.06923076923076923	0.007692307692307693	0.03076923076923077	0.023076923076923078	0.07692307692307693	0.09230769230769231	0.05384615384615385	0.03076923076923077
6awf_D	0.08403361344537816	0.008403361344537815	0.025210084033613446	0.01680672268907563	0.06722689075630252	0.10084033613445378	0.04201680672268908	0.09243697478991597	0.025210084033613446	0.15126050420168066	0.05042016806722689	0.01680672268907563	0.06722689075630252	0.008403361344537815	0.03361344537815126	0.03361344537815126	0.025210084033613446	0.10084033613445378	0.03361344537815126	0.01680672268907563
2axt_B	0.09215686274509804	0.00392156862745098	0.0392156862745098	0.050980392156862744	0.08627450980392157	0.10980392156862745	0.027450980392156862	0.049019607843137254	0.027450980392156862	0.08627450980392157	0.023529411764705882	0.025490196078431372	0.06274509803921569	0.025490196078431372	0.049019607843137254	0.052941176470588235	0.054901960784313725	0.06862745098039216	0.03529411764705882	0.029411764705882353
2axt_C	0.08456659619450317	0.004228329809725159	0.02959830866807611	0.046511627906976744	0.06765327695560254	0.12473572938689217	0.02748414376321353	0.06342494714587738	0.02959830866807611	0.09936575052854123	0.02536997885835095	0.035940803382663845	0.052854122621564484	0.019027484143763214	0.040169133192389	0.06765327695560254	0.0507399577167019	0.06765327695560254	0.035940803382663845	0.02748414376321353
2axt_E	0.07142857142857142	0.0	0.047619047619047616	0.05952380952380952	0.07142857142857142	0.05952380952380952	0.011904761904761904	0.08333333333333333	0.023809523809523808	0.07142857142857142	0.011904761904761904	0.0	0.05952380952380952	0.05952380952380952	0.05952380952380952	0.07142857142857142	0.09523809523809523	0.07142857142857142	0.023809523809523808	0.047619047619047616
2axt_F	0.1111111111111111	0.0	0.0	0.022222222222222223	0.08888888888888889	0.022222222222222223	0.022222222222222223	0.08888888888888889	0.0	0.044444444444444446	0.044444444444444446	0.044444444444444446	0.08888888888888889	0.06666666666666667	0.044444444444444446	0.044444444444444446	0.1111111111111111	0.1111111111111111	0.022222222222222223	0.022222222222222223
3ayf_A	0.07	0.00125	0.03625	0.04625	0.0675	0.08625	0.02625	0.0775	0.04875	0.1125	0.03	0.0325	0.035	0.03625	0.035	0.045	0.04625	0.0825	0.03625	0.04875
3aym_A	0.10267857142857142	0.022321428571428572	0.03571428571428571	0.033482142857142856	0.06696428571428571	0.07366071428571429	0.013392857142857142	0.08258928571428571	0.04017857142857143	0.05580357142857143	0.05133928571428571	0.033482142857142856	0.08928571428571429	0.05580357142857143	0.029017857142857144	0.0625	0.033482142857142856	0.049107142857142856	0.024553571428571428	0.044642857142857144
4ayw_A	0.10177705977382875	0.004846526655896607	0.033925686591276254	0.05492730210016155	0.045234248788368334	0.08723747980613894	0.011308562197092083	0.05815831987075929	0.04361873990306947	0.12116316639741519	0.024232633279483037	0.03715670436187399	0.04361873990306947	0.030694668820678513	0.0630048465266559	0.08723747980613894	0.045234248788368334	0.07269789983844911	0.008077544426494346	0.025848142164781908
5aym_A	0.07272727272727272	0.0022727272727272726	0.025	0.03636363636363636	0.07045454545454545	0.08863636363636364	0.013636363636363636	0.05909090909090909	0.02727272727272727	0.175	0.013636363636363636	0.020454545454545454	0.03636363636363636	0.03409090909090909	0.05	0.09090909090909091	0.04772727272727273	0.08409090909090909	0.02727272727272727	0.025
5azb_A	0.05333333333333334	0.0	0.02666666666666667	0.03	0.09333333333333334	0.10333333333333333	0.03666666666666667	0.08	0.01	0.11	0.04	0.03	0.06333333333333334	0.04	0.06	0.05	0.02666666666666667	0.07666666666666666	0.02666666666666667	0.043333333333333335
2b0x_A	0.05555555555555555	0.03508771929824561	0.02631578947368421	0.02631578947368421	0.08187134502923976	0.03508771929824561	0.02631578947368421	0.0847953216374269	0.043859649122807015	0.10526315789473684	0.023391812865497075	0.05263157894736842	0.04093567251461988	0.038011695906432746	0.043859649122807015	0.05847953216374269	0.06432748538011696	0.10526315789473684	0.017543859649122806	0.03508771929824561
6b2z_L	0.0	0.0	0.0	0.0	0.14583333333333334	0.020833333333333332	0.0	0.08333333333333333	0.020833333333333332	0.25	0.08333333333333333	0.020833333333333332	0.0625	0.0625	0.041666666666666664	0.0625	0.041666666666666664	0.041666666666666664	0.0	0.0625
6b2z_N	0.10047846889952153	0.0	0.0430622009569378	0.0861244019138756	0.028708133971291867	0.028708133971291867	0.009569377990430622	0.05741626794258373	0.09569377990430622	0.11483253588516747	0.009569377990430622	0.04784688995215311	0.023923444976076555	0.05741626794258373	0.03349282296650718	0.09569377990430622	0.04784688995215311	0.09090909090909091	0.004784688995215311	0.023923444976076555
6b2z_Q	0.12631578947368421	0.0	0.021052631578947368	0.031578947368421054	0.05263157894736842	0.07368421052631578	0.06315789473684211	0.06315789473684211	0.09473684210526316	0.06315789473684211	0.010526315789473684	0.05263157894736842	0.07368421052631578	0.010526315789473684	0.042105263157894736	0.07368421052631578	0.021052631578947368	0.05263157894736842	0.010526315789473684	0.06315789473684211
6b2z_S	0.1016949152542373	0.0	0.05084745762711865	0.03389830508474576	0.1016949152542373	0.06779661016949153	0.0	0.03389830508474576	0.1016949152542373	0.05084745762711865	0.03389830508474576	0.05084745762711865	0.0847457627118644	0.0	0.05084745762711865	0.05084745762711865	0.03389830508474576	0.0847457627118644	0.01694915254237288	0.05084745762711865
6b2z_T	0.08823529411764706	0.0	0.058823529411764705	0.058823529411764705	0.04411764705882353	0.07352941176470588	0.04411764705882353	0.058823529411764705	0.14705882352941177	0.10294117647058823	0.029411764705882353	0.04411764705882353	0.07352941176470588	0.029411764705882353	0.0	0.029411764705882353	0.04411764705882353	0.04411764705882353	0.0	0.029411764705882353
6b3j_R	0.06517311608961303	0.03665987780040733	0.03665987780040733	0.05091649694501019	0.06109979633401222	0.04684317718940937	0.034623217922606926	0.05295315682281059	0.034623217922606926	0.12830957230142567	0.018329938900203666	0.026476578411405296	0.04073319755600815	0.038696537678207736	0.05091649694501019	0.0835030549898167	0.04684317718940937	0.06517311608961303	0.034623217922606926	0.04684317718940937
3b4r_A	0.049107142857142856	0.0	0.017857142857142856	0.04017857142857143	0.06696428571428571	0.08482142857142858	0.013392857142857142	0.15178571428571427	0.06696428571428571	0.16517857142857142	0.04017857142857143	0.044642857142857144	0.03125	0.008928571428571428	0.022321428571428572	0.0625	0.017857142857142856	0.07589285714285714	0.004464285714285714	0.03571428571428571
4b4a_A	0.08433734939759036	0.0	0.008032128514056224	0.05622489959839357	0.08835341365461848	0.04819277108433735	0.008032128514056224	0.1285140562248996	0.05622489959839357	0.17269076305220885	0.020080321285140562	0.004016064257028112	0.060240963855421686	0.028112449799196786	0.028112449799196786	0.05622489959839357	0.0321285140562249	0.0642570281124498	0.004016064257028112	0.05220883534136546
3b5d_A	0.08181818181818182	0.02727272727272727	0.00909090909090909	0.01818181818181818	0.045454545454545456	0.10909090909090909	0.00909090909090909	0.13636363636363635	0.00909090909090909	0.14545454545454545	0.03636363636363636	0.01818181818181818	0.045454545454545456	0.01818181818181818	0.02727272727272727	0.07272727272727272	0.06363636363636363	0.045454545454545456	0.03636363636363636	0.045454545454545456
5b57_A	0.21818181818181817	0.012987012987012988	0.033766233766233764	0.01038961038961039	0.03116883116883117	0.10909090909090909	0.04155844155844156	0.033766233766233764	0.007792207792207792	0.17142857142857143	0.012987012987012988	0.012987012987012988	0.05454545454545454	0.02077922077922078	0.05714285714285714	0.04415584415584416	0.02857142857142857	0.08311688311688312	0.01038961038961039	0.005194805194805195
2b6s_A	0.15240641711229946	0.040106951871657755	0.02406417112299465	0.02406417112299465	0.0374331550802139	0.06684491978609626	0.026737967914438502	0.02406417112299465	0.026737967914438502	0.13903743315508021	0.01871657754010695	0.02406417112299465	0.07219251336898395	0.026737967914438502	0.06417112299465241	0.07219251336898395	0.029411764705882353	0.07219251336898395	0.01871657754010695	0.040106951871657755
2b6v_A	0.03550295857988166	0.026627218934911243	0.023668639053254437	0.026627218934911243	0.07988165680473373	0.026627218934911243	0.014792899408284023	0.11242603550295859	0.07100591715976332	0.11242603550295859	0.020710059171597635	0.04142011834319527	0.038461538461538464	0.03550295857988166	0.03254437869822485	0.10355029585798817	0.05029585798816568	0.08579881656804733	0.01775147928994083	0.04437869822485207
6b85_J	0.13452914798206278	0.0	0.06278026905829596	0.09865470852017937	0.004484304932735426	0.026905829596412557	0.02242152466367713	0.06278026905829596	0.08520179372197309	0.19730941704035873	0.02242152466367713	0.02242152466367713	0.02242152466367713	0.02242152466367713	0.04035874439461883	0.053811659192825115	0.03139013452914798	0.04035874439461883	0.02242152466367713	0.026905829596412557
6b87_A	0.036036036036036036	0.0	0.02702702702702703	0.13513513513513514	0.009009009009009009	0.009009009009009009	0.04504504504504504	0.0990990990990991	0.036036036036036036	0.25225225225225223	0.018018018018018018	0.009009009009009009	0.0	0.05405405405405406	0.09009009009009009	0.02702702702702703	0.02702702702702703	0.0990990990990991	0.009009009009009009	0.018018018018018018
3b9w_A	0.14004914004914004	0.007371007371007371	0.02457002457002457	0.03931203931203931	0.05405405405405406	0.10565110565110565	0.036855036855036855	0.07862407862407862	0.02457002457002457	0.13022113022113022	0.019656019656019656	0.02702702702702703	0.03194103194103194	0.02702702702702703	0.02457002457002457	0.05405405405405406	0.056511056511056514	0.08353808353808354	0.007371007371007371	0.02702702702702703
6baj_B	0.09933774834437085	0.001892147587511826	0.04446546830652791	0.048249763481551564	0.0510879848628193	0.08420056764427625	0.01608325449385052	0.06811731315042574	0.04068117313150426	0.09744560075685904	0.039735099337748346	0.036896877956480605	0.04257332071901608	0.04541154210028382	0.03595080416272469	0.0586565752128666	0.06338694418164617	0.09176915799432356	0.008514664143803218	0.02554399243140965
4bbj_A	0.11141304347826086	0.008152173913043478	0.036684782608695655	0.0625	0.025815217391304348	0.09239130434782608	0.03260869565217391	0.0625	0.04755434782608696	0.10461956521739131	0.036684782608695655	0.021739130434782608	0.04755434782608696	0.03125	0.03804347826086957	0.06521739130434782	0.050271739130434784	0.10326086956521739	0.012228260869565218	0.009510869565217392
6bbf_A	0.08411214953271028	0.014018691588785047	0.02336448598130841	0.07476635514018691	0.04205607476635514	0.03271028037383177	0.0514018691588785	0.07476635514018691	0.03271028037383177	0.14018691588785046	0.04672897196261682	0.03271028037383177	0.037383177570093455	0.02336448598130841	0.028037383177570093	0.09345794392523364	0.0514018691588785	0.07009345794392523	0.02336448598130841	0.02336448598130841
6bbj_A	0.05414746543778802	0.013824884792626729	0.055299539170506916	0.0576036866359447	0.05069124423963134	0.055299539170506916	0.021889400921658985	0.06451612903225806	0.056451612903225805	0.11059907834101383	0.03110599078341014	0.05184331797235023	0.04723502304147465	0.03225806451612903	0.05414746543778802	0.07027649769585254	0.05069124423963134	0.06797235023041474	0.01152073732718894	0.04262672811059908
6bcj_B	0.07974481658692185	0.02073365231259968	0.05741626794258373	0.05422647527910686	0.044657097288676235	0.07256778309409888	0.02711323763955343	0.03269537480063796	0.0342902711323764	0.1331738437001595	0.01674641148325359	0.025518341307814992	0.051834130781499205	0.03588516746411483	0.08133971291866028	0.07256778309409888	0.045454545454545456	0.06698564593301436	0.023125996810207338	0.023923444976076555
6bd4_A	0.07142857142857142	0.030952380952380953	0.05714285714285714	0.05238095238095238	0.05714285714285714	0.06428571428571428	0.03571428571428571	0.07857142857142857	0.04523809523809524	0.09761904761904762	0.02857142857142857	0.03571428571428571	0.02619047619047619	0.016666666666666666	0.02857142857142857	0.06190476190476191	0.05714285714285714	0.07380952380952381	0.030952380952380953	0.05
1be3_K	0.08928571428571429	0.0	0.07142857142857142	0.0	0.03571428571428571	0.08928571428571429	0.0	0.03571428571428571	0.05357142857142857	0.125	0.017857142857142856	0.03571428571428571	0.05357142857142857	0.03571428571428571	0.08928571428571429	0.03571428571428571	0.05357142857142857	0.08928571428571429	0.05357142857142857	0.03571428571428571
4bem_J	0.15384615384615385	0.0	0.027472527472527472	0.02197802197802198	0.04945054945054945	0.13736263736263737	0.0	0.11538461538461539	0.03296703296703297	0.09340659340659341	0.054945054945054944	0.027472527472527472	0.038461538461538464	0.03296703296703297	0.01098901098901099	0.06593406593406594	0.03296703296703297	0.08241758241758242	0.005494505494505495	0.016483516483516484
4bgn_A	0.05704697986577181	0.003355704697986577	0.030201342281879196	0.07046979865771812	0.0738255033557047	0.053691275167785234	0.03355704697986577	0.09060402684563758	0.02348993288590604	0.12080536912751678	0.026845637583892617	0.020134228187919462	0.030201342281879196	0.03691275167785235	0.06040268456375839	0.06711409395973154	0.0436241610738255	0.10067114093959731	0.026845637583892617	0.030201342281879196
6bh8_A	0.053830227743271224	0.010351966873706004	0.033126293995859216	0.07039337474120083	0.08902691511387163	0.06418219461697723	0.018633540372670808	0.060041407867494824	0.07246376811594203	0.13871635610766045	0.020703933747412008	0.028985507246376812	0.035196687370600416	0.035196687370600416	0.028985507246376812	0.07039337474120083	0.047619047619047616	0.055900621118012424	0.022774327122153208	0.043478260869565216
6bhp_A	0.115	0.005	0.035	0.03	0.07	0.05	0.01	0.075	0.04	0.105	0.025	0.04	0.035	0.055	0.025	0.045	0.085	0.095	0.01	0.05
6bhu_A	0.06952566601689408	0.014944769330734242	0.04808317089018843	0.050682261208576995	0.04808317089018843	0.056530214424951264	0.016894087069525665	0.06237816764132553	0.0539311241065627	0.1221572449642625	0.02664067576348278	0.03443794671864847	0.037686809616634176	0.04158544509421702	0.04613385315139701	0.08187134502923976	0.04873294346978557	0.08901884340480831	0.01949317738791423	0.031189083820662766
2bmn_A	0.05964912280701754	0.021052631578947368	0.028070175438596492	0.03508771929824561	0.07719298245614035	0.11578947368421053	0.007017543859649123	0.04912280701754386	0.05964912280701754	0.10175438596491228	0.031578947368421054	0.02456140350877193	0.08070175438596491	0.03859649122807018	0.05263157894736842	0.0456140350877193	0.06315789473684211	0.06666666666666667	0.007017543859649123	0.03508771929824561
6bms_A	0.04398826979472141	0.04105571847507331	0.03225806451612903	0.05571847507331378	0.093841642228739	0.04398826979472141	0.02932551319648094	0.04985337243401759	0.04985337243401759	0.09970674486803519	0.020527859237536656	0.04398826979472141	0.04985337243401759	0.026392961876832845	0.04985337243401759	0.08504398826979472	0.04398826979472141	0.07624633431085044	0.026392961876832845	0.03812316715542522
5bn2_A	0.15770609318996415	0.007168458781362007	0.025089605734767026	0.02867383512544803	0.07168458781362007	0.1039426523297491	0.014336917562724014	0.07885304659498207	0.014336917562724014	0.08243727598566308	0.03225806451612903	0.043010752688172046	0.06093189964157706	0.03225806451612903	0.035842293906810034	0.04659498207885305	0.05017921146953405	0.05017921146953405	0.02867383512544803	0.035842293906810034
6bo8_A	0.07142857142857142	0.02021563342318059	0.0444743935309973	0.057951482479784364	0.04716981132075472	0.057951482479784364	0.02425876010781671	0.06199460916442048	0.03369272237196765	0.1320754716981132	0.04043126684636118	0.03234501347708895	0.0444743935309973	0.04716981132075472	0.07142857142857142	0.05256064690026954	0.05256064690026954	0.05390835579514825	0.02021563342318059	0.03369272237196765
4bpd_A	0.14615384615384616	0.007692307692307693	0.038461538461538464	0.05384615384615385	0.023076923076923078	0.06923076923076923	0.06153846153846154	0.1	0.023076923076923078	0.11538461538461539	0.015384615384615385	0.03076923076923077	0.0	0.007692307692307693	0.046153846153846156	0.06153846153846154	0.038461538461538464	0.1076923076923077	0.038461538461538464	0.015384615384615385
4bpm_A	0.11797752808988764	0.02247191011235955	0.05056179775280899	0.02247191011235955	0.056179775280898875	0.0449438202247191	0.06179775280898876	0.033707865168539325	0.033707865168539325	0.1404494382022472	0.028089887640449437	0.016853932584269662	0.06741573033707865	0.02247191011235955	0.08426966292134831	0.033707865168539325	0.03932584269662921	0.06741573033707865	0.016853932584269662	0.03932584269662921
6bqn_C	0.06040268456375839	0.035794183445190156	0.035794183445190156	0.0738255033557047	0.049217002237136466	0.0447427293064877	0.03131991051454139	0.05592841163310962	0.053691275167785234	0.07829977628635347	0.024608501118568233	0.053691275167785234	0.040268456375838924	0.06040268456375839	0.029082774049217	0.0894854586129754	0.05592841163310962	0.06040268456375839	0.015659955257270694	0.05145413870246085
2bs2_C	0.05859375	0.0	0.0390625	0.04296875	0.08984375	0.0703125	0.02734375	0.046875	0.0703125	0.12109375	0.0546875	0.01953125	0.03515625	0.0234375	0.03515625	0.0546875	0.0703125	0.06640625	0.03515625	0.0390625
6btm_A	0.11936936936936937	0.02702702702702703	0.036036036036036036	0.04954954954954955	0.03153153153153153	0.07207207207207207	0.036036036036036036	0.05405405405405406	0.08333333333333333	0.06981981981981981	0.02927927927927928	0.05405405405405406	0.04054054054054054	0.033783783783783786	0.013513513513513514	0.06531531531531531	0.0518018018018018	0.07882882882882883	0.013513513513513514	0.04054054054054054
6btm_D	0.08620689655172414	0.011494252873563218	0.05747126436781609	0.05747126436781609	0.08045977011494253	0.04597701149425287	0.040229885057471264	0.07471264367816093	0.04597701149425287	0.05172413793103448	0.06321839080459771	0.04597701149425287	0.05172413793103448	0.017241379310344827	0.028735632183908046	0.04597701149425287	0.05747126436781609	0.09770114942528736	0.011494252873563218	0.028735632183908046
6btm_F	0.08620689655172414	0.00646551724137931	0.03017241379310345	0.04525862068965517	0.10129310344827586	0.06896551724137931	0.04741379310344827	0.08836206896551724	0.04741379310344827	0.10344827586206896	0.02586206896551724	0.036637931034482756	0.032327586206896554	0.021551724137931036	0.015086206896551725	0.0625	0.036637931034482756	0.07112068965517242	0.03017241379310345	0.04310344827586207
6bug_C	0.042352941176470586	0.002352941176470588	0.03294117647058824	0.02823529411764706	0.10588235294117647	0.0611764705882353	0.03294117647058824	0.08705882352941176	0.06352941176470588	0.12705882352941175	0.04470588235294118	0.04941176470588235	0.03764705882352941	0.023529411764705882	0.042352941176470586	0.047058823529411764	0.042352941176470586	0.05647058823529412	0.02588235294117647	0.047058823529411764
3bvd_B	0.09523809523809523	0.011904761904761904	0.023809523809523808	0.05952380952380952	0.05357142857142857	0.08333333333333333	0.03571428571428571	0.07142857142857142	0.041666666666666664	0.05952380952380952	0.017857142857142856	0.03571428571428571	0.06547619047619048	0.05357142857142857	0.02976190476190476	0.017857142857142856	0.07142857142857142	0.1130952380952381	0.011904761904761904	0.047619047619047616
7bvc_A	0.13143382352941177	0.008272058823529412	0.04503676470588235	0.034926470588235295	0.03952205882352941	0.09558823529411764	0.007352941176470588	0.05606617647058824	0.013786764705882353	0.09926470588235294	0.015625	0.02665441176470588	0.07261029411764706	0.027573529411764705	0.06525735294117647	0.04595588235294118	0.06341911764705882	0.09558823529411764	0.02665441176470588	0.029411764705882353
7bvf_B	0.11648745519713262	0.007168458781362007	0.04390681003584229	0.01881720430107527	0.042114695340501794	0.08870967741935484	0.021505376344086023	0.042114695340501794	0.02060931899641577	0.11379928315412187	0.025985663082437275	0.022401433691756272	0.07885304659498207	0.025089605734767026	0.06182795698924731	0.053763440860215055	0.07437275985663082	0.0913978494623656	0.026881720430107527	0.024193548387096774
